1 0 0 0 1 0 0 0 1 0 0 0
0.99986 -0.0163605 -0.00338514 0.0166109 0.995194 0.0965061 0.00178998 -0.0965489 0.995327 0.0315922 -0.999415 0.013108
0.999869 -0.0159514 -0.00257295 0.0161464 0.992331 0.122549 0.000598403 -0.122574 0.992459 0.0191662 -0.998425 0.0527301
0.99981 -0.0188687 -0.00483811 0.0192995 0.993202 0.114793 0.00263922 -0.114865 0.993378 0.041262 -0.998671 0.0308904
0.999876 -0.0157109 0.000724593 0.0155632 0.995018 0.0984705 -0.00226804 -0.098447 0.99514 -0.00751327 -0.998791 0.0485813
0.994957 -0.100305 0.000200386 0.100301 0.994895 -0.0110848 0.000912496 0.011049 0.999939 -0.0789521 0.240055 -0.967543
0.999989 -0.00469543 -0.00014813 0.00469402 0.999954 -0.00840866 0.000187605 0.00840788 0.999965 -0.0674286 -0.73759 -0.671874
0.999702 -0.0235661 -0.00636898 0.0241162 0.993865 0.107942 0.00378613 -0.108064 0.994137 0.0545688 -0.997732 0.0394025
0.999935 -0.011342 -0.000942862 0.01138 0.995255 0.0966333 -0.000157627 -0.0966378 0.99532 0.00718501 -0.999416 0.0334112
0.999703 -0.0242816 -0.00221404 0.0243823 0.995412 0.0925177 -4.25914e-05 -0.0925442 0.995709 0.0184121 -0.998353 0.0543417
0.999864 -0.0164515 -0.000666638 0.0163745 0.989312 0.144889 -0.00172413 -0.14488 0.989448 0.00350166 -0.997807 0.0660943
0.999624 -0.026901 0.00522714 0.0257948 0.988047 0.151977 -0.00925299 -0.151785 0.98837 -0.0345255 -0.997158 0.0669615
-0.831807 0.527543 0.172614 -0.528626 -0.847741 0.0434757 0.169267 -0.0550847 0.98403 0.0274928 -0.042591 0.998714
0.999783 -0.0207305 -0.00179379 0.0207955 0.99248 0.120626 -0.000720337 -0.120637 0.992696 0.0126807 -0.999351 0.0337273
0.999837 -0.0180457 -0.000669188 0.0179916 0.992294 0.122596 -0.00154831 -0.122588 0.992456 0.00376955 -0.998918 0.0463489
