0.99996 0.00892273 0.00108672 -0.00894334 0.999745 0.0207207 -0.000901555 -0.0207296 0.999785 -0.00739189 -0.0184893 -0.0305273
0.999741 -0.0226871 -0.00204244 0.0227743 0.997313 0.0696262 0.000457338 -0.0696546 0.997571 0.0180939 -0.281057 0.0330269
0.996211 -0.0697183 -0.0519902 0.074756 0.991946 0.102251 0.0444427 -0.10575 0.993399 0.28856 -0.433817 0.281275
0.994218 -0.079692 -0.0719661 0.0878738 0.989024 0.118784 0.06171 -0.124421 0.990309 0.386076 -0.50217 0.391956
0.995504 -0.0822602 -0.0469527 0.0882394 0.985623 0.144084 0.0344253 -0.147579 0.988451 0.265062 -0.630273 0.310754
0.182276 0.489106 -0.852966 0.49402 0.704495 0.50954 0.850129 -0.51426 -0.113215 4.00016 -2.23801 5.13714
0.148314 0.526783 -0.83696 0.451287 0.717011 0.531258 0.879968 -0.456502 -0.131388 3.91655 -2.31761 5.21251
0.112953 0.560667 -0.820301 0.410956 0.725298 0.552321 0.904631 -0.399494 -0.148485 3.92778 -2.45135 5.30127
0.0404078 0.607893 -0.79299 0.376616 0.725837 0.575605 0.925488 -0.321912 -0.199613 3.95462 -2.64612 5.60371
-0.0114176 0.640495 -0.767877 0.334801 0.726052 0.60063 0.94222 -0.250228 -0.222728 3.93738 -2.81573 5.74962
-0.0537089 0.674159 -0.736631 0.294047 0.715664 0.633531 0.954281 -0.182578 -0.236672 3.80895 -2.97537 5.82799
-0.0939648 0.704129 -0.703827 0.231947 0.702984 0.67232 0.968179 -0.100076 -0.229376 3.5681 -3.08147 5.75287
-0.283356 0.046142 -0.957904 -0.105464 0.991284 0.0789471 0.953198 0.123395 -0.27602 4.03932 -0.129467 5.78372
-0.289121 0.0666721 -0.954968 -0.118489 0.987408 0.10481 0.949931 0.143456 -0.27758 4.05977 -0.240309 5.80274
-0.320564 0.11041 -0.94077 -0.165041 0.971481 0.170251 0.932738 0.209842 -0.293199 4.14262 -0.555303 5.92937
