1 0 0 0 1 0 0 0 1 0 0 0
0.952675 0.0757345 -0.294406 -0.0742418 0.997108 0.0162605 0.294786 0.00636629 0.955542 0.987106 -0.126728 0.0977816
0.953972 0.0748031 -0.290418 -0.0721147 0.997197 0.0199644 0.291098 0.00189799 0.956691 0.988993 -0.0628418 0.133958
0.97203 0.0553197 -0.228248 -0.0499289 0.998322 0.0293299 0.229487 -0.0171134 0.973161 0.988864 -0.0853895 0.121888
0.98069 0.0448033 -0.190367 -0.0402873 0.998809 0.0275289 0.191373 -0.0193279 0.981327 0.992004 -0.077875 0.0993173
0.927483 0.0810685 -0.364969 -0.0664651 0.996411 0.0524216 0.367909 -0.0243624 0.929543 0.955588 -0.156303 0.249841
0.949465 0.0591434 -0.308251 -0.0534745 0.998209 0.0268137 0.309285 -0.0089751 0.950927 0.970173 -0.134088 0.20195
0.934781 0.0609955 -0.349949 -0.0555346 0.998128 0.0256283 0.350857 -0.00452262 0.936418 0.993372 -0.087337 -0.0747269
0.920008 0.0687952 -0.385815 -0.054584 0.99737 0.0476824 0.388081 -0.0228088 0.921343 0.969134 -0.131585 0.208481
