0.992376 0.0661369 -0.104001 -0.0673221 0.9977 -0.0079228 0.103238 0.014864 0.994546 0.0400056 -0.0143479 -0.0633731
0.981264 0.00899941 -0.192458 -0.00705603 0.999917 0.0107807 0.192539 -0.00922068 0.981246 0.250784 -0.0216593 0.0886397
0.91836 -0.102534 -0.382232 0.102564 0.994518 -0.0203593 0.382224 -0.020506 0.923842 0.577883 0.0428992 0.260809
0.891584 -0.183389 -0.414061 0.18448 0.982111 -0.0377465 0.413576 -0.0427318 0.909466 0.71196 0.0640487 0.301984
0.84785 -0.247183 -0.469097 0.25011 0.966524 -0.0572424 0.467543 -0.068793 0.88129 0.857316 0.0802471 0.345725
0.789994 -0.341419 -0.509256 0.370941 0.927497 -0.0463895 0.488172 -0.152256 0.859364 1.01548 0.0658964 0.251278
0.686185 -0.389884 -0.614117 0.455449 0.888548 -0.0552143 0.5672 -0.241812 0.787281 1.34159 0.11667 0.278027
0.538418 -0.428263 -0.725739 0.50655 0.852745 -0.127406 0.673434 -0.299025 0.67607 1.60001 0.303659 0.576179
0.238129 -0.403362 -0.883512 0.556608 0.802151 -0.216197 0.795916 -0.440287 0.41553 1.94035 0.50522 1.22687
