1 0 0 0 1 0 0 0 1 0 0 0
0.999699 0.0245313 2.33149e-05 -0.0245308 0.999672 0.00735459 0.00015711 -0.00735295 0.999973 -0.0236992 -0.896911 -0.441575
0.999293 0.0376044 -0.000184081 -0.0376031 0.999282 0.00463833 0.00035837 -0.00462813 0.999989 0.0081802 0.534597 0.845068
0.99848 0.030971 -0.0455873 -0.0423486 0.960513 -0.274994 0.0352703 0.276507 0.960365 0.159438 0.975817 0.149532
0.999556 0.0297795 -9.95465e-05 -0.029779 0.999551 0.00341411 0.000201172 -0.00340963 0.999994 -0.0523898 -0.324171 -0.944547
0.999457 0.0329398 0.000234673 -0.0329404 0.999396 0.0110578 0.000129711 -0.0110595 0.999939 -0.0437656 -0.68639 -0.725916
0.999431 0.0337061 -0.00121458 -0.033724 0.99922 -0.0205551 0.000520798 0.0205844 0.999788 0.0419628 0.998558 -0.0334746
0.999049 0.0406367 -0.0158217 -0.0423094 0.991134 -0.125951 0.0105632 0.126501 0.99191 0.120718 0.987427 0.102051
0.999358 0.0358229 -8.93638e-06 -0.0355588 0.991962 -0.121438 -0.00434141 0.121361 0.992599 -0.000832831 0.998845 0.0480473
0.999145 0.0282706 0.0301757 -0.0336624 0.979917 0.196544 -0.0240133 -0.197392 0.980031 -0.156223 -0.981183 0.113468
0.999303 0.0373419 -0.000284804 -0.0373406 0.999295 0.0037855 0.000425961 -0.00377222 0.999993 0.0878312 0.791308 0.605076
0.999337 0.0363933 -0.00107577 -0.0363963 0.999333 -0.00290746 0.000969245 0.00294469 0.999995 -0.0873677 -0.703757 -0.705048
0.999098 0.0378533 0.0192674 -0.0232818 0.867457 -0.496967 -0.0355255 0.49607 0.867555 -0.0372014 0.967345 0.250717
0.999481 0.0322063 -0.000277041 -0.0322054 0.999477 0.00289813 0.000370234 -0.0028877 0.999996 -0.0270344 -0.615436 -0.787723
0.997039 0.0475744 0.0604066 -0.0641902 0.947491 0.313273 -0.0423309 -0.316224 0.94774 -0.189036 -0.956237 0.223328
