0.999786 0.0206264 0.00146879 -0.020641 0.99973 0.0106956 -0.00124779 -0.0107236 0.999942 -0.00402058 -0.144946 -0.070981
0.999992 0.00383251 -0.00112894 -0.00384222 0.999955 -0.00872966 0.00109543 0.00873392 0.999961 -0.000907508 -0.123829 -0.0619162
0.997869 -0.0405441 0.0511283 0.0470561 0.989948 -0.133376 -0.0452067 0.135498 0.989746 -0.0620554 0.0181024 -0.0410525
0.994965 -0.0854552 -0.0523589 0.062527 0.937594 -0.342064 0.0783226 0.337068 0.938217 0.0602197 0.267472 -0.00336125
0.991593 -0.123496 0.0386238 0.127278 0.877121 -0.463097 0.0233131 0.46412 0.885466 -0.0474465 0.404413 0.0668933
0.98669 -0.162418 0.00797276 0.136786 0.80246 -0.580817 0.0879375 0.574177 0.813995 -0.0103503 0.540106 0.150712
0.965033 -0.198531 0.171164 0.259965 0.641135 -0.722056 0.0336107 0.741304 0.670327 -0.195941 0.672831 0.347899
0.95524 -0.24024 0.172631 0.279755 0.543822 -0.791199 0.0961971 0.804079 0.586688 -0.19978 0.758087 0.432832
0.943735 -0.232649 0.235029 0.318417 0.447335 -0.835764 0.0893031 0.863577 0.496245 -0.262184 0.781338 0.55003
0.942801 -0.251494 0.218809 0.300892 0.359469 -0.883315 0.143493 0.898628 0.414581 -0.245673 0.846119 0.631553
0.935783 -0.262413 0.235475 0.305024 0.267577 -0.913982 0.176833 0.927115 0.330436 -0.261355 0.8735 0.725133
0.868948 -0.273171 0.412683 0.448283 0.0811348 -0.890202 0.209695 0.958538 0.19296 -0.447298 0.8109 0.88367
0.897206 -0.304626 0.319726 0.327503 -0.0267048 -0.944473 0.296249 0.952098 0.0758059 -0.356436 0.913561 1.0035
0.888265 -0.294338 0.352634 0.353527 -0.0520678 -0.933974 0.293265 0.954282 0.0578065 -0.394558 0.907534 1.01793
0.892151 -0.294704 0.342368 0.270482 -0.258526 -0.927364 0.361809 0.919953 -0.150932 -0.391518 0.932586 1.25847
